name,price,status,shipping,free_returns,items_sold
"Teddy Mountain 16"" Fox Teddy Bear Stuffie  Plush Craft Birthday recorbable",3299,Brand New,0,,
HANSA Real Stuffed Raccoon No5238,6466,Brand New,1312,True,
"Bass Pro Shops Catfish Plush 17"" Spring 2019 Retired Stuffed Animal Realistic",1499,Pre-Owned,627,,
Malachy Dragon - RARE - NWT - Stunning Toys Medium Plush Toys**,2439,Brand New,0,,
IKEA DJUNGELSKOG Orangutan Soft Toy - Brown - Brand New with Tags,3299,Brand New,0,True,
New Yarnaby Plush Colorful Lion Plush Toy Doll Harley Sawyer Anime Animal Figure,3699,Brand New,0,True,
"Cute 30cm Angry Rabbit Plush Toy Large Size Stuffed Bunny, Grumpy Cute Plush Dol",1350,Brand New,0,,
IKEA DJUNGELSKOG Orangutan Soft Toy - Brown (104.028.41),2590,Brand New,0,True,
"Dorit Duckling Plush Stuffed Animal Soft, Fluffy, Cute",1669,Brand New,0,,
Punch Orangutan Djungeskog Brown Ikea Plush 26in Punch Monkey Plush CE,1796,Brand New,0,,
Punch Orangutan Djungeskog Brown Ikea Plush 26in Punch Monkey Plush,2099,Brand New,0,,
25cm Caylus Plush Toy Cute Cartoon Figure Plush Doll Game Character Plush Toys,1200,Brand New,0,,
JellyCat Malachy Dragon Large Soft Plush Toys Stuffed Animal 22 in 55cm,2599,Brand New,0,,
WITH TAGS Alpacasews charity cats orange tabby cat baked beans plush,1500,Pre-Owned,539,,
Bigo Live Pride Dino,250000,Brand New,0,,
"Teddy Mountain 16"" Zombie Teddy Bear Stuffie Plush Craft Birthday recordable",3299,Brand New,0,,
"17.7"" Ted 2 Movie Teddy Bear w/Apron Plush Soft Stuffed Animals Plush Toy Gift",2999,Brand New,0,,
Poppy Playtime CatNap Bigger Bodies Plush 11.8in Stuffed Animal Toy,1998,Brand New,0,True,71
66cm IKEA DJUNGELSKOG Orangutan Soft Toy - Monkey Plush Toys Brown (104.028.41),2645,Brand New,399,,
15'' Brown Plush Teddy Bear Stuffed Animals Toy For Kids Birthday Christmas Gift,1229,Brand New,0,True,
"Angry Rabbit Plush Toy, 30cm Large Size Stuffed Bunny, Grumpy Cute Plush Doll*",1462,Brand New,0,,
LACHLAN SAD RAT Plush Soft Stuffed Toy - Authentic NWT,2399,Brand New,0,,
10.2IN Jellycat Smudge Monkey Medium NWT with Dust Bag Plush Gift,3188,Brand New,0,True,76
NWT IKEA Orangutan “Punch Monkey” Plush 24” – Viral & Rare AUTHENTIC DJUNGELSKOG,3949,Brand New,549,,111
"Angry Rabbit Plush Toy, 30cm Large Size Stuffed Bunny, Grumpy Cute Plush Doll*",1540,Brand New,0,,
Punch From IKEA With Tags REAL NOT FROM CHINA Djungleskog Orangutan Soft Toy,4999,Brand New,599,,
"7"" Scolipede Plush Soft Stuffed Doll Toy",980,Brand New,0,,
Adorable Authentic Medium Blossom Blush Bunny Cherry Plush Toy NWT,2399,Brand New,0,,
Amethyst Boo - Bearhouse by Charlie Bears Troll Plush Character Stuffed Toy,5000,Brand New,1272,,
Drawbridge | Gargoyle Plush Character for Kids | Bearhouse by Charlie Bears,5500,Brand New,1272,,
Take-Off Rabbit Maron Holland Lop Black Plush Toy,2656,Brand New,1487,True,
Bartizan | Gargoyle Plush Character for Kids | Bearhouse by Charlie Bears,5500,Brand New,1272,,
HOT !!! 46cm TED Plush Figure Movie Teddy Bear Stuffed Animal Plush Pillow,1998,Brand New,0,,
IKEA DJUNGELSKOG Orangutan Soft Toy - Brown TL,1796,Brand New,0,,
Cecil the Chicken Plush Toy - Super Soft & Cuddly Stuffed Animal,1399,Brand New,0,,
Date With Death Plush Toy Game Character Plush Figure Doll Gift For Fans,2277,Brand New,0,True,
Reuben The Rat | 7 Inch Stuffed Animal Plush | By TigerHart Toys,999,Brand New,0,True,724
IKEA Orangutan Punch Monkey Plush 24” NWT Viral 104.028.41 DJUNGELSKOG AUTHENTIC,3995,Brand New,0,,26
"San Marino Flag Teddy Bear Plush 10"" – Baby Gift Souvenir | Rep Ya Flag",5593,Brand New,0,True,
IN US！！【Changed】Puro Stuffed Plush Doll Sit Birthday Gift Cute Display Doll 1pc,3035,Brand New,0,,
Derpy Blue Tiger Minhwa Plush Toy 20” Large Stuffed Animal Soft Pillow Kids Gift,4850,Brand New,0,,
RARE The Muppets Pepe The King Prawn Soft Toy Plush 14 Inches plush toy doll,2900,Brand New,200,,97
Derpy Blue Tiger Minhwa Plush - 7 Inch Plush,650,Brand New,0,,
Tigey Daniel Tiger's Neighborhood 6.5 Inch Mini Plush Basic Plush Toy Figure NWT,1397,Brand New,0,,175
Pokémon TCG: Nuzzle Cheeks Plush Toy Card Display Blind Box (Chinese),3199,Brand New,0,True,
Lucas The Spider 6” Plush Stuffed Animal YouTube Toy Snuggle Edition NEW W/TAG,1399,Brand New,0,,
12'' Teddy Bear Stuffed Animal Soft Plush Toy Baby Shower Valentine's Day Gift,1044,Brand New,0,True,
"New Mewtwo Plush Doll Soft Toy Stuffed Animal Teddy 10"" Free Shipping",1299,Brand New,0,True,
10'' Plush Teddy Bear Stuffed Animal Doll Soft Plushies Toy Valentine's Day Gift,1039,Brand New,0,True,
"Scooby Doo Plush Stuffed Animal Exclusive Six Flags Parks 9"" Plush NWT USA SELL",1599,Brand New,0,,
Lucas The Spider 6” Plush Stuffed Animal YouTube Toy Soft Brand NEW,617,Brand New,0,,
Puppy Stuffed Animal Golden Retriever Dog Soft Plush Toy Birthday Gifts 20.8'',1225,Brand New,0,True,
Timurova The White Tiger | 42 Inch Stuffed Animal Plush | By TigerHart Toys,7998,Brand New,0,True,72
"New Cute BIG Mew 22CM 8.6"" Plush Doll Figure For Best Gifts Plush Doll Figure",1299,Brand New,0,True,
Bad Dragon Duke The Dragon Plush,2200,Brand New,643,,
"Ty Love To Baby Brown Tan Bear Plush Beanie NO BUNNY PAJAMAS 12""",2790,Pre-Owned,780,,
Fisch Deluxe Plush & DLC Included Shiny Nessie Fish Plush,2499,Brand New,500,,
"Ikea 8"" Djungelskog Mini Monkey Orangutan Plush Stuffed Brown Animal Toy",1299,Brand New,595,True,
Ruby Roo - Bearhouse by Charlie Bears Troll Plush Character Stuffed Toy,5250,Brand New,1272,,
Topaz Blu - Bearhouse by Charlie Bears Troll Plush Character Stuffed Toy,4500,Brand New,1272,,
"San Marino Flag Teddy Bear Plush 10"" – Baby Gift Souvenir | Rep Ya Flag",5593,Brand New,0,True,
IN US！！【Changed】Puro Stuffed Plush Doll Sit Birthday Gift Cute Display Doll 1pc,3035,Brand New,0,,
Ruby Roo - Bearhouse by Charlie Bears Troll Plush Character Stuffed Toy,5250,Brand New,1272,,
NWT Pillowfort Blue Shark Soothing Weighted Pillow Plush – Kids Sensory Comfort,2500,Brand New,522,,
Whitaker The Wolf | 18 Inch Stuffed Animal Plush | By TigerHart Toys,2499,Brand New,0,True,103
"Stuffed Animal Hammock Boho Toy Net Corner Net 59"" with LED Light for Room Decor",1402,Brand New,0,True,73
"Ikea 8"" Djungelskog Mini Monkey Orangutan Plush Stuffed Brown Animal Toy",1299,Brand New,595,True,
"PlayRight Hug Me Walgreen Heart Valentine Snail Stuffed Animal Plush Toy 9"" Long",300,Brand New,777,,
Boone The Black Cat | 13 Inch Stuffed Animal Plush | By TigerHart Toys,1998,Brand New,0,True,765
"Zootopia Judy Hopps Plush 14"" Stuffed Rabbit Character Toy",1998,Brand New,0,True,
Way To Celebrate Capybara Donut Plush Easter Stuffed Animal Toy 6.5” NEW!,1499,Brand New,0,,
"Attatoy Tasmanian Tiger Plush, Stuffed Australian Animal Toy New in Bag",999,Brand New,0,True,
"Timmy Turtle Stuffed Animal: 12"" Ultra-Soft Plush, Perfect Kids' Gift~",2598,Brand New,0,True,
Topaz Blu - Bearhouse by Charlie Bears Troll Plush Character Stuffed Toy,4500,Brand New,1272,,
"Saudi Arabia Flag Teddy Bear Plush 10"" – Saudi Baby Gift Souvenir | Rep Ya Flag",5593,Brand New,0,True,
Moat | Gargoyle Plush Character for Kids | Bearhouse by Charlie Bears,4250,Brand New,1272,,
"Regit The Plush Tiger Toy, 17in Tall Striped Sitting Tiger Stuffed Animal",3999,Brand New,0,,81
Possum Baby Plush Toy Stuffed Animal Lil' Handful 6” Douglas Cuddle Soft Gray,1595,Brand New,0,,123
Avatar The Last Airbender Plush 20-inch Appa Stuffed Toy Kids Holiday Xmas Gifts,1598,Brand New,0,,1592
Iscream Haribo Plush Stuffed Animal,1798,Brand New,0,,
WILD REPUBLIC SKUNK CUDDLEKINS PLUSH STUFFED ANIMAL TOY KIDS GIFT 8 In. WR10886,1495,Brand New,0,True,
Adopt Me! Pets Cow Plush Animal Uplift Games 2023 Roblox Stuffed Toy NEW w/ CODE,1199,Brand New,400,,
"Original IKEA Aftonsparv Plush Stuffed Alien toy 13""",2499,Brand New,478,,
New River Otter 12 inch Stuffed Animal Plush Toy,1395,Brand New,0,True,
Fisch Deluxe Plush & DLC Included Shiny Nessie Fish Plush,2499,Brand New,500,,
Rhode Island Novelty Plush - ALIEN IN CLOAK (12 inch) Stuffed Animal Toy,1289,Brand New,0,,
"Doc McStuffins Lambie 7"" Plush NWT USA SELLER",1998,Brand New,0,,
BRUBAKER Plush Unicorn - 8.3 Inches - Cuddly Plush Toy - Stuffed Animal - White,1199,Brand New,0,,
Emerald Lou - Bearhouse by Charlie Bears Troll Plush Character Stuffed Toy,4250,Brand New,1272,,
Sapphire Sue - Bearhouse by Charlie Bears Troll Plush Character Stuffed Toy,3750,Brand New,1272,,
"LIV HEART Cat Body Pillow, Calico Sanma, Large Size",5045,Brand New,1680,True,
"Easter Peep Bunny with BLUEY Friendship Bracelets Plush Basket Stuffer 5"" Bunny",1499,Brand New,0,,
"New Super Mario Bros Series 10"" King Bowser Koopa Plush Toy Doll Stuffed Animal",1898,Brand New,0,True,
Douglas Cuddle Toys Spud Mixed Breed Mutt Dog #3980 Stuffed Animal Toy,1345,Brand New,0,,103
"20cm Dart Monkey Plush Toy, Bloons TD Monkey Stuffed Doll, Cute Game Gift**",1485,Brand New,0,,
Milk Mocha Bear: Mocha Heart Plush,3999,Brand New,0,True,
Dr Seuss THE LORAX Plush Doll mini 6.5 inch Stuffed Animal by Manhattan Toy NEW,899,Brand New,0,,
30CM Large Angry Rabbit Plush Toy Kawaii Bunny Doll Soft Stuffed Animal Gift,1698,Brand New,0,,
"Ludo Plush Stuffed Animal – 9.8"" Soft Toy from Labyrinth Movie",3999,Brand New,0,,
"Giant Teddy Bear Stuffed Animal 52"" - Big Teddy Bear with Heart - Large I Love Y",8899,Brand New,0,,
Emo Capybara Plush By CapyVibe 10” Soft Capybara Plush Funny Gift,989,Brand New,0,,
Teddy Bear Stuffed Animal 20 inch Soft Plush Toy Valentine's Day Birthday Gifts,2754,Brand New,0,True,
FurReal Friends Coco the Tumbling Panda Stuffed Animal,2399,Brand New,0,True,531
Jellycat Amuseables Oats Soft Plush Cute Stuffed Toy Perfect Gift for Friend 7in,3899,Brand New,0,,
Bunny Toy for Kids Hopping Walking Rabbit Toy Interactive Realistic Wiggling Ear,1099,Brand New,0,True,
"Angry Rabbit Plush Toy, 30cm Large Size Stuffed Bunny, Grumpy Cute Plush Doll*",1540,Brand New,0,,
Blizzcon Mei Overwatch Pachimari X Character Plush Stuffed Animal Blizzard,1698,Brand New,1764,True,
"ADORE 21"" Moby the Mosasaurus Dinosaur Stuffed Animal Plush Toy",2499,Brand New,0,,157
New HAMMER HEAD SHARK 19 inch Stuffed Animal Plush Toy,1395,Brand New,0,True,
New GIRAFFE 9.5 inch Stuffed Animal Plush Toy,1395,Brand New,0,True,
"Jurassic World Rebirth 7"" Plush Aquilops",1995,Brand New,0,,
Disney Parks Ratatouille - Chef Remy Big Feet 14” Plush Toy Stuff Animal Toy,3699,Brand New,0,True,
Disappearing Guy Digital Circus Glitch Plush Plushie Doll NWT,2000,Brand New,1764,,
"Tinkaton Plush Soft Toy Doll Teddy Stuffed Animal 9""",1898,Brand New,500,,
Jellycat Gobfrey Whale Shark 40cm Plush 2025 New with Dust Bag & Tag Ultra Soft,3499,Brand New,0,,
Stuffed Animal Storage Wood Corner Plush Toys Holder Star Pattern Length Hanging,2175,Brand New,0,True,
Pepe The Frog Sad Frog Plush Stuffed Animal Toy Stuffed Animal Doll Cuddles NEW,1599,Brand New,0,,
Kanye West Teddy Bear Plush Doll Music Graduation Teddy Bear Collection,1499,Brand New,0,True,279
Punch Orangutan Djungeskog Brown Ikea Plush 26in Punch Monkey Plush,2199,Brand New,0,,
Ceci Plush Donkey- Plush Stuffed Animal,2900,Brand New,0,,
Strawberry Bear Plush Toy 30/40/50cm Soft Stuffed Pillow Gift,1826,Brand New,0,,
"Timmy Turtle Stuffed Animal: 11"" Ultra-Soft Plush, Perfect Kids' Gift!",2899,Brand New,0,,
"51"" Giant Cheetah Stuffed Animal Plush Toy, Large Leopard Stuffed Animal Plus...",6877,Brand New,0,True,
"Ludo Plush Stuffed Animal – 9.8"" Soft Toy from Labyrinth Movie | Free Shipping",4295,Brand New,0,,
Douglas Ozzy Possum Deluxe Plush Toy Stuffed Animal 13” Opposum Soft Cuddle NEW,3295,Brand New,0,,64
New  9 inch ANIMAL DEN RHINO Stuffed Animal Plush Toy,1395,Brand New,0,True,
Douglas Cuddle Toys Spud Mixed Breed Mutt Dog #3980 Stuffed Animal Toy,1345,Brand New,0,,103
"Vida the Vet - Koa the Tiger 7.5"" Plush - NEW W/TAGS",295,Brand New,577,,
Jellycat Cobblehop Leopard Bunny Plush Toy Doll Soft Stuffed Gifts With Dust Bag,4139,Brand New,0,True,
"25CM/10"" Gabby’s Dollhouse Pandy Paws Plush Toy Stuffed Gift Toy Free Import",999,Brand New,0,,
"Wild Republic Living Earth Scorpion, Stuffed Animal, 25 inch, Plush Toy, Fill...",2499,Brand New,0,True,
2 Koala Bear Plush Clip On Pencil Huggers Australia Wildlife SUPER CUTE!!!!🐨🐨,1099,Brand New,0,,
Gothic Bear Plush with Wings - Cute Creepy Stuffed Animal Gift for Teens,2899,Brand New,0,,
Ceci Plush Donkey- Plush Stuffed Animal,2900,Brand New,0,,
25cm Caylus Plush Toy Cute Cartoon Figure Plush Doll Game Character Plush Toys,1500,Brand New,0,,25
Protect Punch Monkey Plush Animal Mama & Baby Toy Stuffed Animal Nursery Decor,2999,Brand New,0,,
"Dorit Duckling Plush Stuffed Animal Soft, Fluffy, Cute",1638,Brand New,0,True,
Plush Smart Stationery Pencil Soft Toy 22cm Rare Retired Plush Trending Gifts,1595,Brand New,0,,
KPop Devil Hunter Plush Smiling Derpy Blue Tiger Stuffed Animal Gift For Fans,1619,Brand New,516,,
NeeDoh Nice Cube,1995,Brand New,0,,37
Mini Rainbocorn Plush Sparkle Heart Surprise - Series 2- RANDOM,1298,Brand New,0,,
"Capybara Pillow Plush Toy 20"" Stuffed Animal Toddler Doll Cute Gift for Kids",1995,Brand New,0,,
Twisted Whiskers Striped Tiger Plush Quirky Stuffed Animal 9” Wire Posable,994,Brand New,562,,
"Fuggler 9"" Sasquoosh Plush - Lilac",1800,Brand New,0,,
16cm Cubone Plush Toy Soft Stuffed Doll Anime Cartoon Figure Kids Gift,1444,Brand New,0,,
KIDS PREFERRED Curious George Ice Cream Truck Plush Playset -Check Description!,899,Brand New,0,,
Tate The Tuxedo Cat | 14 Inch Stuffed Animal Plush | By TigerHart Toys,2299,Brand New,0,True,230
"10.63"" Hollow Knight Plush Toy Soft Stuffed Animal Cartoon Game Hollow Perfect.",1099,Brand New,0,,
"Ludo Plush Stuffed Animal – 9.8"" Soft Toy from Labyrinth Movie | Free Shipping",4599,Brand New,0,,
Soft Elephant Plush Toys Stuffed Elephant Plush Animal Toy 24 INCH,1798,Brand New,0,,
"EOS Vanilla Cashmere Purple Lotion Bottle 9.5"" Furry Stuffed Plush Toy Zuru NWT",1499,Brand New,0,,
"Angry Rabbit Plush Toy, 30cm Large Size Stuffed Bunny, Grumpy Cute Plush Doll US",1798,Brand New,0,True,
Winry The Wolf | 26 Inch Stuffed Animal Plush | By TigerHart Toys,5999,Brand New,0,True,87
"Vintage Yottoy Velveteen Rabbit Plush Brown 9""",824,Pre-Owned,643,,
"Shiny Ninetales Plush Doll Soft Toy Teddy Stuffed Animal 6.5""",1450,Brand New,500,,
"Angry Rabbit Plush Toy, 30cm Large Size Stuffed Bunny, Grumpy Cute Plush Doll",1650,Brand New,0,,13
Timurova The White Tiger | 42 Inch Stuffed Animal Plush | By TigerHart Toys,7998,Brand New,0,True,72
"New Peeps Plush 6"" Green Chick Stuffed Animal Easter",1199,Brand New,0,,
NWT Viral Punch Monkey Plush Toy – 66cm Extra Large Kawaii Soft Stuffed Animal,2888,Brand New,0,,
"Timmy Turtle Stuffed Animal: 11"" Ultra-Soft Plush, Perfect Kids' Gift!！",2699,Brand New,0,,
"Jazwares Pokémon Soft Plush 8"" Jolteon New with Tag",1998,Brand New,0,,23
Warmies Brown Sloth Plush Animal Microwavable Freezable Lavender Scented NWT,999,Brand New,683,True,
Zuru Fuggler X The Powerpuff Girls Mojo Jojo Funny Ugly Doll,2399,Brand New,723,True,
"Baby Shark Plush – Big Show – WowWee 2020 – 8"" Fin Friend – New with Tags",1399,Brand New,0,,
"White Terrier Dog Plush Toy 16"" Stuffed Animal Toddler Doll Gift for Kids",1680,Brand New,0,,
Twenty One Pilots Ned Plush Toy 21 Pilots Soft Stuffed Doll Cuddly Teddy 20cm,900,Brand New,0,,
Douglas Cuddle Meadow the Border Collie #4009 Plush Stuffed Animal Toy,1345,Brand New,0,,
Douglas Cuddle Toys Goat # 1549 Stuffed Animal Toy Brand New,1795,Brand New,0,,38
"New Djungelskog MINI Orangutan Plush Ikea Punch Monkey Soft Toy 7.75"" 506.061.05",1773,Brand New,0,,
Homily Stuffed Elephant Plush Animal Toy 24 INCH With Free Shipping,1800,Brand New,0,,
New SNOW LEOPARD 10 inch Stuffed Animal Plush Toy,1395,Brand New,0,True,
"Punch Monkey Stuffed Animal 9.8"" Soft Plush Toy Cute Cuddly Monkey Doll",3669,Brand New,999,,
Denim Blue Jay Plush Stuffed Animal Toy #1574,1195,Brand New,0,,
"Worlds Softest Plush Bunny Rabbit, Light Cream, Ivory, 10"" Easter Stuffed Animal",1234,Brand New,699,,
Malachy Dragon - RARE - NWT - Stunning Toys Medium Plush Toys**,2499,Brand New,0,True,
"New Shiny Charizard Plush Toy  12"" Collectible Soft Stuffed Animal Gift for Kids",1000,Brand New,0,True,73
"30cm Wobbly Life Plush Toy, Yellow Game Character Doll, Gift for Fans & Kids",1230,Brand New,0,,
"Pronghorn Antelope Conservation Critters Plush 9"" NEW",1350,Brand New,650,,52
Auswella Plush Australian Shepherd Plush Stuffed Animal,7998,Brand New,0,,
"Giant Teddy Bear Stuffed Animal 52"" - Big Teddy Bear with Heart - Large I Love Y",8899,Brand New,0,,
